s_km,x,y,elev_m,thickness_m,vel_mean_md
0.0,558994.7142204285,3996605.215379656,6352.8623,27.54017,0.096321605
0.1,558982.9638207016,3996703.695153585,6192.4355,34.681232,0.108523056
0.2,558943.0769452024,3996795.1057599946,6050.4214,44.266785,0.16019227
0.3,558890.416156194,3996880.0609245435,5940.527,55.686478,0.21724428
0.4,558831.7984247113,3996961.0592213045,5898.8037,58.186047,0.22193967
0.5,558769.0231795924,3997038.9005252523,5898.8037,74.651855,0.21348162
0.6,558703.3295423331,3997114.2796031227,5844.491,104.7695,0.21537116
0.7,558636.0299335867,3997188.224166419,5837.1636,148.86479,0.2772118
0.8,558567.3099481997,3997260.871008115,5832.103,148.86479,0.4835027
0.9,558496.8917249145,3997331.86613013,5828.8076,175.20285,0.61773497
1.0,558426.0978426175,3997402.492440432,5821.0874,177.52142,0.7328808
1.1,558354.4119855595,3997472.2143014073,5816.1616,164.11925,0.69840384
1.2,558282.1336334045,3997541.3163072756,5809.2896,168.5608,0.5076939
1.3,558209.1293383284,3997609.6537829423,5798.957,160.07654,0.38169497
1.4,558134.7372605236,3997676.4805646986,5787.217,154.59964,0.31797338
1.5,558058.7099573232,3997741.431857242,5775.555,154.59964,0.2639498
1.6,557980.3570828177,3997803.543630535,5764.838,155.41856,0.25508797
1.7,557897.387375518,3997859.190614083,5756.763,176.00533,0.2550563
1.8,557805.8574385957,3997898.6714603784,5738.579,179.5743,0.24480149
1.9,557717.0772478235,3997944.436035301,5731.171,203.27167,0.22424631
2.0,557635.489057669,3998002.1479369155,5721.255,211.11371,0.18724564
2.1,557560.5032679461,3998068.2545871,5710.1855,200.45227,0.16372433
2.2,557484.0568944139,3998132.1287628254,5700.3066,226.43872,0.15655454
2.3,557393.6011766016,3998174.1732931244,5683.8247,240.28981,0.19654846
2.4,557297.6842664827,3998202.0511231013,5682.973,252.49785,0.28144073
2.5,557199.304021877,3998219.7370010396,5681.9814,262.01978,0.4553014
2.6,557099.7962435426,3998229.551269929,5677.764,259.94504,0.78348947
2.7,556999.8982900572,3998234.043634615,5676.6753,257.0211,0.9346571
2.8,556899.8982900572,3998234.043634615,5671.5376,249.44888,1.02577
2.9,556799.977245387,3998237.782520884,5657.033,244.16235,0.9728841
3.0,556700.2805198493,3998245.352237521,5648.5034,242.30014,0.9760556
3.1,556600.967428661,3998256.869303106,5637.278,237.35794,0.7799937
3.2,556502.2097702553,3998272.4267728804,5628.308,223.26082,0.68747836
3.3,556404.1885908323,3998292.0904173604,5613.953,224.82922,0.59428847
3.4,556307.0901812593,3998315.8956452976,5607.892,225.16878,0.5079834
3.5,556211.1014945045,3998343.845438375,5598.238,231.16956,0.5485437
3.6,556116.4052475982,3998375.9094994264,5590.6387,229.79678,0.619851
3.7,556023.5034670886,3998412.756261184,5581.912,232.43933,0.67874795
3.8,555933.296304089,3998455.865411393,5578.3374,237.24088,0.6458202
3.9,555846.0019558747,3998504.647547159,5569.424,227.80292,0.68288857
4.0,555761.4961085754,3998558.0767065207,5564.835,227.80292,0.8317027
4.1,555679.1398790753,3998614.7362144813,5552.9023,218.89328,0.91131896
4.2,555598.6184104931,3998674.005158752,5541.9556,215.37709,0.90292984
4.3,555520.4285510145,3998736.3457223903,5530.828,210.58246,0.8652408
4.4,555444.1490859354,3998800.9817777267,5522.278,200.96295,0.76430565
4.5,555368.9903562431,3998866.932635711,5513.5728,194.40634,0.6559908
4.6,555295.9782807707,3998935.2644499354,5506.324,181.54124,0.5540409
4.7,555224.045729348,3999004.7121256953,5501.62,168.02643,0.46482754
4.8,555153.3350512292,3999075.422803814,5484.348,166.71063,0.44783586
4.9,555081.9588285246,3999145.458882734,5452.4155,168.48238,0.4363725
5.0,555010.2266227048,3999215.1319410396,5433.973,186.95592,0.44581407
5.1,554937.4676820866,3999283.7332279086,5409.4263,205.87123,0.45249838
5.2,554863.9847498984,3999351.5519232503,5393.013,205.87123,0.45442522
5.3,554789.6481032093,3999418.4342695386,5376.6084,224.64786,0.44473097
5.4,554714.0791949304,3999483.92732338,5368.4443,248.35286,0.44739392
5.5,554636.7738760866,3999547.3584618038,5349.4116,261.57587,0.43238685
5.6,554557.5126147796,3999608.3168549086,5335.4478,278.18823,0.41609192
5.7,554475.5305820918,3999665.5538176172,5332.958,311.47433,0.41340375
5.8,554387.854907856,3999713.135857,5324.3726,315.63474,0.4329751
5.9,554293.7145959154,3999746.434154009,5322.4097,319.81708,0.45438033
6.0,554196.7841792516,3999770.7239058996,5320.193,326.05078,0.49414992
6.1,554098.5297249617,3999789.205156724,5313.5723,323.45996,0.49640802
6.2,553999.4467081571,3999802.716477196,5303.95,317.0366,0.5381682
6.3,553899.9711825185,3999812.758008026,5298.0854,311.2323,0.56062233
6.4,553800.3233726022,3999821.019930034,5291.6567,305.0817,0.55435157
6.5,553700.4665593752,3999826.369402171,5279.0957,301.31424,0.648885
6.6,553600.5594244441,3999830.424395808,5272.6895,300.84805,0.64706534
6.7,553500.5886779918,3999832.8430429003,5267.6494,298.92773,0.66968995
6.8,553400.603199154,3999834.0436346154,5260.3706,303.35757,0.66745645
6.9,553300.603199154,3999834.043634615,5257.7524,298.71,0.63957053
7.0,553200.6325074376,3999832.5541970953,5254.4067,297.8884,0.60528225
7.1,553100.7099176147,3999828.6202368666,5246.3213,293.18585,0.6246711
7.2,553000.8971886985,3999822.9150726045,5241.2593,288.72885,0.64424103
7.3,552901.2543582089,3999814.470764936,5236.053,283.12198,0.6418742
7.4,552801.9241754448,3999803.2124357647,5223.321,275.11444,0.66509163
7.5,552702.8578252146,3999789.5794517887,5216.342,265.07297,0.6773262
7.6,552604.6214558773,3999771.0250817044,5204.723,252.28229,0.67478484
7.7,552506.9380050569,3999749.833135885,5188.8374,244.42474,0.69239527
7.8,552410.5106960871,3999723.3421169384,5181.6353,245.6175,0.75646144
7.9,552315.9826399353,3999690.910129556,5174.882,246.55598,0.75474197
8.0,552223.5324422679,3999653.0831930307,5164.655,251.31302,0.76229745
8.1,552134.0372170652,3999608.620507512,5156.2427,251.86366,0.73348993
8.2,552049.2373866643,3999555.620613512,5149.77,243.0296,0.6558252
8.3,551962.9436692229,3999505.0941464114,5148.189,243.0296,0.5891878
8.4,551875.0411621842,3999457.4330676976,5144.907,239.19824,0.59995234
8.5,551785.1756018135,3999413.592375666,5145.0337,247.99498,0.56981355
8.6,551692.5772460637,3999375.92875699,5139.7563,256.54596,0.5641234
8.7,551596.9140812452,3999347.093599819,5135.9214,256.52722,0.56595504
8.8,551498.0987859427,3999334.043634615,5131.556,264.70074,0.5891386
8.9,551401.2886132667,3999354.812403257,5125.975,264.66248,0.6230942
9.0,551312.5992825127,3999400.737841242,5113.238,256.6761,0.6687765
9.1,551229.0300356935,3999455.545370087,5104.967,256.79654,0.7074779
9.2,551148.8856093985,3999515.3208526243,5097.7485,249.82446,0.7711522
9.3,551071.5927796678,3999578.7701904634,5088.8657,237.8014,0.8375112
9.4,550996.4139536474,3999644.689818501,5080.131,233.8191,0.9463248
9.5,550922.3104275214,3999711.8225488598,5070.954,213.47833,1.0568943
9.6,550849.8328282099,3999780.721007464,5061.7495,191.2066,1.2067311
9.7,550778.235524921,3999850.522330122,5054.417,191.2066,1.285287
9.8,550707.524846803,3999921.2330082413,5034.0596,159.8677,1.3413427
9.9,550634.3256521309,3999989.285863011,5008.397,136.06369,1.3788753
10.0,550559.1203517785,4000055.19612624,4975.858,136.06369,1.4628365
10.1,550480.6871562924,4000117.14186085,4954.7886,117.94486,1.4762866
10.2,550400.9004239005,4000177.425169769,4899.747,115.55669,1.4503816
10.3,550316.8356221558,4000231.5514225247,4847.7812,121.418076,1.396285
10.4,550231.3993686568,4000283.381818148,4823.772,143.79712,1.3692766
10.5,550142.7408840404,4000329.638418818,4811.8555,160.03227,1.2567545
10.6,550051.6000653564,4000370.5445796982,4803.053,185.17207,1.1924562
10.7,549958.8178026422,4000407.7680994873,4795.142,190.35126,1.1163257
10.8,549862.9792342837,4000436.3157581473,4790.7056,188.2406,1.2103062
10.9,549765.856137398,4000459.5772713996,4782.333,168.89917,1.4253126
11.0,549667.574099362,4000477.971978037,4774.5264,149.28455,1.4269781
11.1,549567.9195235376,4000486.2765260227,4742.068,131.00291,1.2866732
11.2,549469.0689978221,4000500.3171682563,4724.842,118.761635,1.0057099
11.3,549370.9718254035,4000519.73223363,4697.498,116.27582,0.90465796
11.4,549275.4898652025,4000549.426245623,4655.4004,123.63719,0.76544523
11.5,549181.4899772974,4000583.1810717857,4639.508,122.721985,0.69565874
11.6,549089.5259974517,4000622.4573548455,4605.891,133.56667,0.61255085
11.7,549000.7275884707,4000668.286393592,4596.67,142.16881,0.5934364
11.8,548913.1385160178,4000716.483940634,4562.2246,155.90897,0.6243895
11.9,548829.5337249341,4000771.3495847825,4536.8765,174.6398,0.6508187
12.0,548747.1817922399,4000827.974881343,4529.0957,189.23286,0.7346945
12.1,548667.9807725202,4000889.025667377,4509.267,215.02066,0.68339753
12.2,548590.471417902,4000952.123199351,4495.0586,233.42398,0.53018737
12.3,548515.6015411225,4001018.414236083,4489.911,280.1218,0.5667634
12.4,548442.3417138536,4001086.4161411896,4481.636,312.2704,0.58126175
12.5,548371.6310357351,4001157.1268193084,4469.3438,312.2704,0.62382185
12.6,548302.4171386902,4001229.22356331,4456.463,324.52765,0.58060294
12.7,548237.3380013446,4001305.1492235465,4456.463,340.9627,0.53284687
12.8,548173.9144480561,4001382.3766517993,4450.0864,340.15265,0.4446316
12.9,548115.4839754719,4001463.5300859446,4442.546,347.64938,0.4396453
13.0,548059.5547786136,4001546.3146857023,4437.5645,347.64938,0.5340747
13.1,548008.8527659575,4001632.508107218,4434.1553,360.2487,0.69708973
13.2,547962.3254780503,4001720.88590977,4422.1724,353.83676,0.7449964
13.3,547920.4196603034,4001811.68184822,4420.16,370.7856,0.67604494
13.4,547885.189743519,4001905.1434832932,4413.179,366.8235,0.5532696
13.5,547853.0315008832,4001999.8316421653,4415.3613,359.09567,0.32121098
13.6,547830.6657038829,4002097.26195907,4408.8755,374.10754,0.12549798
13.7,547811.2188061327,4002195.2515989942,4403.8286,365.02164,0.14951539
13.8,547800.374055116,4002294.661816655,4397.8413,358.2622,0.11940757
13.9,547794.7142204297,4002394.354011475,4393.5347,349.8433,0.12701038
14.0,547794.7142204292,4002494.354011475,4385.9893,343.54684,0.13958068
14.1,547793.9933609404,4002594.350442951,4377.9976,341.04483,0.18256626
14.2,547792.8186883841,4002694.3425766164,4367.7793,345.48453,0.35614797
14.3,547790.5970146563,4002794.3178943996,4358.102,350.9392,0.5157757
14.4,547787.2060791588,4002894.258021394,4336.6597,364.59055,0.61197597
14.5,547782.3559095936,4002994.134918815,4323.9775,378.36105,0.6952533
14.6,547775.2119783695,4003093.8691940918,4316.7715,381.31668,0.7346297
14.7,547764.1674898432,4003193.2352357665,4308.3594,383.35333,0.76392895
14.8,547742.5173243203,4003290.6343229404,4301.638,395.2564,0.42360747
14.9,547703.672570066,4003382.704313964,4294.861,401.8007,0.5367159
15.0,547657.3479531275,4003471.3029157585,4292.1445,403.38068,0.84586585
15.1,547607.2744344115,4003557.8545761216,4284.8877,410.17227,0.80315626
15.2,547554.3964923773,4003642.7263160753,4277.6523,417.14362,0.7751296
15.3,547499.7587211841,4003726.476883483,4273.706,423.90152,0.77347136
15.4,547443.0722924803,4003808.842333744,4280.7075,421.23953,0.7654458
15.5,547383.7145245557,4003889.3063923423,4275.7363,418.6541,0.75606924
15.6,547322.0547470035,4003968.022491802,4271.5864,424.61777,0.74908876
15.7,547258.4031096584,4004045.138583707,4261.146,424.61777,0.74230814
15.8,547193.0203704897,4004120.7941462486,4257.3535,425.98163,0.73898727
15.9,547126.1262288324,4004195.118665539,4251.711,427.28604,0.7529149
16.0,547057.9063148409,4004268.2310838103,4259.896,416.25946,0.75727314
16.1,546988.5169907371,4004340.238872975,4253.355,425.90295,0.7540011
16.2,546917.8073175029,4004410.9505375414,4248.5894,430.12183,0.73932326
16.3,546848.9211302202,4004483.4259034595,4240.906,426.6626,0.578642
16.4,546781.5427303594,4004557.3046566946,4234.442,426.6626,0.6452364
16.5,546715.4160099111,4004632.318918137,4245.9185,427.8065,0.629371
16.6,546651.1940236501,4004708.9709662553,4226.1377,421.98798,0.7668469
16.7,546587.8655019728,4004786.3545326856,4222.8945,414.97186,0.7611641
16.8,546525.3959972169,4004864.44141363,4214.3096,415.42505,0.75990874
16.9,546464.3697196401,4004943.659196248,4211.016,415.42505,0.76803744
17.0,546403.798316246,4005023.223975567,4204.7295,425.28683,0.7663626
17.1,546344.359210138,4005103.641589714,4196.4956,422.73166,0.7659621
17.2,546285.4825860193,4005184.4679227886,4199.004,411.8561,0.7539265
17.3,546227.3587666475,4005265.8412699094,4193.5654,414.09586,0.7398078
17.4,546169.8915567686,4005347.6763710133,4191.1587,414.09586,0.7335374
17.5,546112.970558885,4005429.8955901773,4185.1274,425.61865,0.73289716
17.6,546054.8958715606,4005511.294705285,4172.152,423.81235,0.73463064
17.7,545995.9489645549,4005592.073800071,4167.465,434.0727,0.72296965
17.8,545936.284803781,4005672.317758664,4162.4824,439.0063,0.70553786
17.9,545875.6398861886,4005751.829983952,4161.11,439.0063,0.68052936
18.0,545814.8456607737,4005831.2261594315,4161.11,441.6899,0.6691518
18.1,545752.7593044194,4005909.618023516,4159.817,443.01245,0.6648972
18.2,545690.6729480651,4005988.009887601,4158.41,452.4648,0.65767056
18.3,545627.8291738637,4006065.7920248625,4154.4355,464.66388,0.65050966
18.4,545564.5053948376,4006143.1877547824,4149.0503,464.66388,0.6388034
18.5,545501.1816158115,4006220.5834847023,4145.7603,474.03607,0.6284897
18.6,545436.8416194493,4006297.135869967,4125.668,486.0761,0.6200956
18.7,545372.4449955148,4006373.6412607953,4141.5913,482.64706,0.61674905
18.8,545307.9466862371,4006450.0599837587,4132.8335,488.2586,0.61030847
18.9,545242.6117038243,4006525.7655983004,4123.297,488.8545,0.6015038
19.0,545177.2767214114,4006601.471212842,4117.529,477.38663,0.5869783
19.1,545111.8631167919,4006677.108218737,4110.8057,470.1478,0.58580136
19.2,545045.7009530833,4006752.0920042736,4128.1006,471.04654,0.5908342
19.3,544979.5387893746,4006827.0757898097,4122.3125,457.41913,0.59366775
19.4,544913.376625666,4006902.0595753463,4105.232,447.8838,0.58216345
19.5,544846.5485467667,4006976.4499386842,4099.5024,440.76352,0.57308006
19.6,544779.6520736046,4007050.779353309,4094.8052,440.76352,0.5693918
19.7,544712.7556004425,4007125.108767934,4088.5508,443.32782,0.56949764
19.8,544646.5679976415,4007200.065081474,4100.4863,444.5613,0.5697762
19.9,544580.9759064236,4007275.548043589,4095.7725,436.56927,0.57322466
20.0,544515.3838152058,4007351.0310057043,4095.496,433.8229,0.569959
20.1,544450.707681938,4007427.2922457606,4097.074,426.6324,0.56201714
20.2,544386.8057124845,4007504.211283066,4083.72,419.85544,0.554321
20.3,544322.9037430312,4007581.130320371,4097.1016,415.54706,0.55352217
20.4,544261.0484920827,4007659.6998430574,4087.4224,415.54706,0.55532944
20.5,544199.4176659172,4007738.4503431586,4079.8354,413.28253,0.550443
20.6,544139.7693073667,4007818.6893472024,4065.6016,412.93192,0.54431015
20.7,544081.3388347819,4007899.842781347,4075.3733,413.19885,0.53751516
20.8,544026.2449748551,4007983.254484129,4062.8386,412.30518,0.5465529
20.9,543973.5731280976,4008068.206869703,4048.4038,405.0408,0.5423616
21.0,543927.8383268355,4008157.135649935,4045.8972,409.72314,0.53590816
21.1,543895.1351703337,4008251.5073987986,4042.8025,403.77338,0.52253896
21.2,543893.7105344309,4008351.42633053,4033.766,395.10968,0.5128673
21.3,543886.8544436522,4008451.1515511945,4031.1738,389.2465,0.49967209
21.4,543865.8174717607,4008548.601631063,4027.8564,384.29288,0.48604175
21.5,543828.8347409235,4008638.7871284275,4022.443,389.65533,0.47130913
21.6,543822.1404397124,4008738.537850068,4015.8604,388.59125,0.46635252
21.7,543819.7142204288,4008838.5036847414,4011.7092,392.303,0.46234658
21.8,543819.7142204286,4008938.5036847414,4005.9302,396.54883,0.46579224
21.9,543820.9544695497,4009038.492709945,4000.9893,404.6263,0.47010812
22.0,543822.7241038997,4009138.47705069,3997.8604,412.95657,0.46864063
22.1,543825.6288702837,4009238.4344047457,3994.7212,424.94012,0.46220687
22.2,543828.6126158476,4009338.389881146,3991.9985,439.31628,0.46763003
22.3,543832.3394301402,4009438.319885492,3982.7078,446.48868,0.47050196
22.4,543836.2075009329,4009538.2450476303,3978.3467,450.2747,0.46851888
22.5,543840.3558014578,4009638.1584172435,3973.8418,452.08517,0.4645991
22.6,543844.8965675498,4009738.0552712646,3971.4868,449.96323,0.44629928
22.7,543849.4373336418,4009837.9521252853,3971.386,445.57578,0.4365335
22.8,543851.3546478312,4009937.9162929133,3968.2761,448.97693,0.42447248
22.9,543851.9428729484,4010037.9145628545,3965.5015,447.10986,0.414284
23.0,543852.4995113988,4010137.9123481107,3962.8694,448.4107,0.4077427
23.1,543848.8434208134,4010237.8454907695,3965.7432,452.1929,0.40287864
23.2,543845.187330228,4010337.7786334283,3961.5618,452.4495,0.3864421
23.3,543839.5171915406,4010437.5921395607,3939.0325,448.25952,0.38521355
23.4,543831.3170530592,4010537.2553611062,3931.2444,444.43793,0.38012528
23.5,543823.1169145779,4010636.918582652,3927.8792,445.72495,0.37058714
23.6,543810.2355477454,4010736.081547009,3922.294,445.68048,0.3656469
23.7,543797.190096488,4010835.2269765628,3919.0964,450.25473,0.3459249
23.8,543781.211797247,4010933.9085895973,3916.159,461.0316,0.33560476
23.9,543763.026989559,4011032.241253394,3912.3276,461.66403,0.33005637
24.0,543743.4844793146,4011130.2837450877,3907.4932,460.982,0.3385745
24.1,543719.8847465044,4011227.459115482,3903.7173,458.55753,0.37750196
24.2,543696.2850136941,4011324.6344858767,3905.528,449.83127,0.36187175
24.3,543667.0288908924,4011420.2591018802,3900.9265,445.4442,0.3195499
24.4,543637.77077966,4011515.8831727365,3901.398,445.2921,0.30733937
24.5,543603.7702431555,4011609.8942406774,3893.8147,443.22333,0.3049835
24.6,543568.6578989972,4011703.527158434,3894.2002,441.65555,0.3088578
24.7,543532.8345990048,4011796.888880953,3891.9314,445.45392,0.3301733
24.8,543496.6675555088,4011890.1194819636,3887.034,441.04858,0.34065127
24.9,543459.5666770828,4011982.9804086136,3884.065,435.9763,0.33636647
25.0,543422.1203721227,4012075.7045923243,3877.8865,437.39233,0.31897467
25.1,543383.1267530966,4012167.7884293473,3868.0945,431.20752,0.2930354
25.2,543343.2621948998,4012259.492580235,3871.4565,440.15973,0.26525232
25.3,543302.1065995136,4012350.629035289,3872.0955,433.50153,0.24910921
25.4,543258.446790876,4012440.594701572,3867.6965,426.53314,0.24447036
25.5,543211.7076856407,4012528.989166219,3864.9644,431.11136,0.24009109
25.6,543159.556032396,4012614.254551992,3862.6396,422.94443,0.24183549
25.7,543101.8158496417,4012695.8411520044,3859.089,429.82452,0.246867
25.8,543053.6344536308,4012783.3471371173,3855.0586,425.02838,0.24303432
25.9,543017.9061146447,4012876.583566293,3852.735,430.639,0.23451401
26.0,542997.9634122376,4012974.385588658,3843.0898,430.1342,0.22619388
26.1,542993.7953015892,4013074.2057954837,3842.8486,431.08813,0.20436287
26.2,542983.6425723839,4013173.6282482133,3836.7122,432.57657,0.19085357
26.3,542964.1293114544,4013271.675725002,3829.2695,436.59058,0.2089801
26.4,542936.6831141381,4013367.8088045367,3824.522,482.27148,0.22818826
26.5,542903.4864676415,4013462.1130165826,3829.2063,482.27148,0.21969955
26.6,542875.277195626,4013557.44940073,3828.884,474.05075,0.19154845
26.7,542860.4134024768,4013656.2932864577,3824.1094,477.08728,0.17116886
26.8,542851.9690948087,4013755.9361169473,3803.3486,487.58957,0.16381735
26.9,542844.8251403484,4013855.663002165,3798.9202,483.8674,0.16108376
27.0,542840.3709666724,4013955.563754599,3788.6995,482.54633,0.15754707
27.1,542835.9167929965,4014055.4645070327,3787.144,483.59262,0.15193968
27.2,542833.5634064632,4014155.4335189397,3773.2983,477.02075,0.14297287
27.3,542831.5230149969,4014255.412700786,3775.817,483.235,0.13832664
27.4,542829.4826235307,4014355.3918826324,3775.0935,480.30487,0.13687374
27.5,542828.7457374361,4014455.387137921,3769.9448,471.7813,0.13613915
27.6,542828.3202093738,4014555.3862325465,3763.663,464.643,0.13314238
27.7,542827.8946813116,4014655.3853271715,3762.388,458.14963,0.12987655
27.8,542827.625465314,4014755.384183902,3754.3984,445.2921,0.12947173
27.9,542828.355372877,4014855.3815200413,3753.9075,430.8538,0.12757733
28.0,542829.08528044,4014955.3788561802,3749.8694,419.08228,0.12864152
28.1,542829.815188003,4015055.3761923197,3746.8958,417.8718,0.12868121
28.2,542830.5450955661,4015155.3735284586,3746.659,414.68015,0.10720859
28.3,542832.0156359478,4015255.362246123,3744.0122,415.05734,0.11771379
28.4,542833.6128762562,4015355.3494894267,3738.4688,413.37585,0.124662556
28.5,542835.2101165645,4015455.33673273,3732.7148,414.01715,0.1302734
28.6,542836.807356873,4015555.3239760334,3728.8213,419.65103,0.13780141
28.7,542838.4045971814,4015655.3112193365,3728.5369,426.87454,0.14474513
28.8,542840.6515444238,4015755.285890397,3728.7761,430.30243,0.15490368
28.9,542842.9236849591,4015855.260073952,3728.226,433.16455,0.14253849
29.0,542845.1958254945,4015955.234257506,3721.567,443.36728,0.13010176
29.1,542847.4679660299,4016055.2084410605,3712.1882,443.09216,0.12863573
29.2,542849.7401065653,4016155.1826246153,3717.2087,436.71246,0.12852761
29.3,542851.8596842814,4016255.1600230215,3704.8926,421.8917,0.1266265
29.4,542853.801065901,4016355.141176433,3701.2705,417.44687,0.13732931
29.5,542855.7424475205,4016455.1223298437,3701.7642,413.51038,0.13434118
29.6,542857.68382914,4016555.103483255,3681.6125,407.3974,0.122262776
29.7,542859.6252107595,4016655.084636666,3674.7163,400.21533,0.11709013
29.8,542861.2898132654,4016755.070558276,3670.8137,397.02786,0.11164372
29.9,542862.7934026708,4016855.0592537317,3660.7666,397.38586,0.111559436
30.0,542864.2969920762,4016955.047949187,3653.3093,399.03024,0.11010986
30.1,542865.8005814817,4017055.0366446427,3658.8987,402.95926,0.11059274
30.2,542867.0156569176,4017155.0288031287,3653.5137,400.67618,0.11370923
30.3,542867.9124818365,4017255.024781573,3651.239,400.88605,0.112363525
30.4,542868.8093067555,4017355.020760018,3660.8577,400.92886,0.11900891
30.5,542869.7061316745,4017455.0167384623,3656.0293,401.2261,0.12521036
30.6,542869.7142204291,4017555.0167021905,3649.9963,403.15857,0.124131046
30.7,542869.714220429,4017655.0167021905,3632.1047,403.99158,0.11965243
30.8,542869.4536924579,4017755.0148006277,3633.1138,403.22333,0.11418447
30.9,542867.9939939785,4017855.004146462,3631.2363,402.18796,0.11581289
31.0,542866.4292478145,4017954.9904910536,3626.0234,400.6128,0.12132294
31.1,542862.177776152,4018054.900075122,3617.1306,399.44333,0.11756501
31.2,542853.7079141185,4018154.472238252,3608.3042,400.2061,0.11634339
31.3,542824.9422118174,4018247.447694898,3600.6418,403.6455,0.123685375
31.4,542813.7620336482,4018346.779438625,3602.3103,405.69278,0.118901744
31.5,542807.2137553329,4018446.5524714384,3612.0886,407.25754,0.12327482
31.6,542802.7817821437,4018546.449221468,3622.8147,412.39044,0.1257371
31.7,542799.5576527432,4018646.397232902,3617.9631,411.16586,0.1260561
31.8,542797.6717593694,4018746.3789928993,3604.533,410.78043,0.12342648
31.9,542796.0935751047,4018846.365590742,3595.66,412.84128,0.119807646
32.0,542795.3061979386,4018946.36249088,3592.0012,411.69586,0.13206148
32.1,542794.7142204292,4019046.360160296,3571.8984,407.9007,0.14236401
32.2,542794.7142204297,4019146.360160296,3570.1172,402.45825,0.14301687
32.3,542794.7142204301,4019246.360160296,3562.7974,400.4258,0.13967079
32.4,542793.9282878981,4019346.357066121,3555.6956,397.2011,0.12984899
32.5,542793.1267632049,4019446.353781951,3547.4888,391.10675,0.1288095
32.6,542791.3088818385,4019546.3372571226,3542.3394,391.07486,0.1342094
32.7,542789.076586665,4019646.310281319,3544.0,389.4124,0.14588326
32.8,542785.8524572635,4019746.2582927532,3533.2673,395.4681,0.14957169
32.9,542780.92000109,4019846.1338020717,3530.0684,395.67014,0.14301643
33.0,542773.5863165644,4019945.8529002173,3536.5688,397.266,0.13797413
33.1,542760.1874630532,4020044.8534823842,3533.7766,399.77008,0.13606712
33.2,542717.0390008109,4020133.1393813165,3528.667,409.7396,0.13768323
33.3,542698.7770175773,4020231.22727169,3536.3174,426.79724,0.13672084
33.4,542694.7142204284,4020331.1043166,3531.2478,439.80103,0.11299822
33.5,542676.4704376303,4020428.639548124,3519.217,453.7686,0.1100353
33.6,542635.058961346,4020519.5163366203,3518.2148,465.88956,0.10834071
33.7,542584.3965099936,4020605.648961958,3512.966,475.54105,0.11170455
33.8,542528.2708366056,4020688.3656301037,3503.1633,484.0422,0.13590655
33.9,542468.6949382598,4020768.6605084576,3524.3806,484.6642,0.14869772
34.0,542406.5067238996,4020846.971593207,3523.4697,479.3318,0.1421752
34.1,542341.9833676217,4020923.3624141025,3509.0112,472.2613,0.14513217
34.2,542276.3979433881,4020998.8394979937,3497.3003,470.27255,0.1499533
34.3,542209.5014702263,4021073.168912619,3482.0718,462.77963,0.16315801
34.4,542141.3549333385,4021146.3448809683,3491.464,464.50266,0.18207107
34.5,542072.4479794399,4021218.8098756033,3504.4238,449.27127,0.19813557
34.6,542001.7373013212,4021289.520553722,3509.5505,435.60333,0.17497571
34.7,541929.7410184481,4021358.904824354,3508.3762,437.12924,0.17676769
34.8,541856.4376015734,4021426.910676114,3511.9297,418.05145,0.16692512
34.9,541781.1799321029,4021492.7611369006,3498.8955,402.23145,0.166397
35.0,541703.732251931,4021556.0048995335,3494.1785,406.6258,0.16336775
35.1,541624.2026746272,4021616.58543487,3494.67,397.396,0.15080722
35.2,541542.2380195209,4021673.8125248645,3468.197,386.51724,0.14484753
35.3,541457.4568840017,4021726.7621125737,3455.5112,386.51724,0.13490866
35.4,541372.7114198266,4021779.591125963,3465.0527,372.9069,0.12523453
35.5,541293.596235209,4021840.5929548102,3481.9172,364.90533,0.12127606
35.6,541219.8026744097,4021908.0067775785,3486.652,345.4979,0.12609418
35.7,541151.064191928,4021980.63611756,3495.2747,335.01663,0.12813911
35.8,541087.7384800897,4022058.0137765724,3490.1482,333.65042,0.1263935
35.9,541028.1734390911,4022138.277678857,3478.8542,313.35797,0.12918788
36.0,540971.7449248956,4022220.7945074677,3469.3208,305.342,0.132215
36.1,540918.7450308949,4022305.594337868,3477.8633,294.3145,0.13303053
36.2,540869.2780586908,4022392.4800067153,3468.9534,286.41992,0.13007048
36.3,540821.5646811,4022480.3427132727,3461.5498,271.56882,0.12933375
36.4,540776.8433215497,4022569.7854323727,3445.9768,258.44107,0.12807475
36.5,540730.8384005326,4022658.565582175,3452.807,254.01335,0.13158427
36.6,540683.8293786729,4022746.827419136,3451.2563,240.9456,0.13319275
36.7,540634.590123914,4022833.8620444806,3447.68,224.60611,0.12909932
36.8,540584.3128916856,4022920.2928819563,3447.5344,211.92117,0.118321784
36.9,540532.4150782616,4023005.7716334783,3442.3533,195.89246,0.116786756
37.0,540478.3961673406,4023089.917562443,3442.574,184.39424,0.11676327
37.1,540423.0200421534,4023173.1711355383,3431.1758,165.30437,0.11862561
37.2,540365.8187657513,4023255.195607362,3417.2366,165.30437,0.11500144
37.3,540306.1633164262,4023335.444839953,3413.5537,148.73257,0.10729255
37.4,540244.804613878,4023414.3864208963,3409.8396,136.29643,0.1034226
37.5,540181.6091847309,4023491.8779611276,3392.3982,130.87355,0.09212921
37.6,540115.7587239442,4023567.1356305983,3390.036,126.9371,0.079918
37.7,540050.9280538913,4023643.270117456,3388.384,126.9371,0.07019084
37.8,539987.3949827373,4023720.48650033,3371.5442,127.85052,0.061352335
37.9,539925.8036542496,4023799.2546644513,3370.41,129.03564,0.05494207
38.0,539867.3077442838,4023880.3386005363,3344.3943,129.99469,0.047383346
38.1,539816.1643853909,4023966.1433046907,3339.2158,138.54301,0.04314951
38.2,539794.7142204294,4024061.9634874454,3329.1523,138.54301,0.03960372
38.25792646467259,539794.7142204284,4024119.889952118,3326.924,133.84308,0.037292782
